-4.263827598058765943e+03
1.405560064308885160e+02
-6.151578010157409437e+01
1.404159669803053175e-03
-7.882990643939261632e-01
1.323609323038432350e+01
-8.250728922622056416e+02
-1.129842867360473013e+00
6.176780015529625416e+02
2.871007660572735745e+02
-2.544739313874919731e+02
2.599249160849018153e+03
4.307822708601553252e+00
-2.334104213522326887e+01
-1.853690787198964429e+01
-2.031346494775713829e+00
-6.618692841226470946e+00
8.794691509992148326e+00
-2.641500503142549405e+01
-4.431283345268016705e-01
8.650433300360502926e+02
-2.380475005174947682e+02
1.415226320868285939e+03
-1.046714468666747962e+03
-1.276380390905228751e+03
1.281389496642389531e+04
-1.142130060945689429e+01
1.178107336259594717e+02
7.056701051775252154e+01
9.106472855030681157e-02
-2.257142422328182420e+03
